citation_date_raw,author_nick_names,tweets,retweets,urls,mentions,hashtags,followers,followers_max
1422320759,zaksalant,1,1,0,0,3,275.0,275.0
1422320798,jaysvoboda,1,2,0,0,3,614.0,614.0
1422320842,marcusblumberg,1,1,0,0,2,1321.0,1321.0
1422320869,steelersfantalk,1,1,1,0,3,1224.0,1224.0
1422320887,thunderscurse,1,1,0,0,3,158.0,158.0
1422320978,joeyskiba,1,1,0,0,1,273.0,273.0
1422321088,bengalsx2,1,1,2,0,2,466.0,466.0
1422321121,dbg0710,1,1,0,2,2,6.0,6.0
1422321135,ntnseahawks,1,1,1,0,2,37.0,37.0
1422321200,bistrogarden,1,1,0,0,5,464.0,464.0
1422321207,draftdiamonds,1,1,1,0,3,52486.0,52486.0
1422321248,lionspress,1,1,2,0,1,626.0,626.0
1422321250,miss__scarlet,1,2,0,0,4,375.0,375.0
1422321252,playerpress,1,1,2,0,1,12225.0,12225.0
1422321319,liberalmunky,1,3,1,0,4,4953.0,4953.0
1422321486,nfl_seahawks1,1,1,1,0,6,783.0,783.0
1422321562,mcbeewvu,1,1,0,0,2,16.0,16.0
1422321595,frankiemcg,1,1,0,0,4,461.0,461.0
1422321602,toparizona,1,1,1,0,1,449.0,449.0
1422321697,kidmanfans,1,1,1,0,4,1175.0,1175.0
1422321738,nfl365daily,1,1,1,0,2,11.0,11.0
1422321765,eacortez1,1,1,0,1,2,22.0,22.0
1422321907,kennedy1robert,1,1,1,0,1,539.0,539.0
1422321911,track_patriots,1,1,1,0,2,2104.0,2104.0
1422321919,track_patriots,1,1,1,0,2,2104.0,2104.0
1422321979,johnmalhotra21,1,1,1,1,1,12.0,12.0
1422321992,seanglennon,1,7,0,0,4,1255.0,1255.0
1422322037,georgemunro,1,1,0,1,4,389.0,389.0
1422322038,johnmalhotra21,1,1,1,1,1,12.0,12.0
1422322122,cameronoviatt,1,1,0,3,2,306.0,306.0
1422322205,nflbywordlink,1,1,1,0,1,91.0,91.0
1422322268,revlbmeek,1,1,1,0,1,521.0,521.0
1422322415,sf49ersfans1,1,1,1,0,5,3344.0,3344.0
1422322489,2techie4you,1,2,0,0,2,978.0,978.0
1422322688,nfl_seahawks1,1,1,1,0,5,783.0,783.0
1422322766,wordsbymatt,1,1,0,0,1,193.0,193.0
1422322799,tightjean,1,1,0,0,4,136.0,136.0
1422322873,nfl_seahawks1,1,1,1,0,5,781.0,781.0
1422322893,patriotspress,1,2,2,0,1,722.0,722.0
1422322893,raiderspress,1,1,2,0,1,1065.0,1065.0
1422322893,texanspress,1,1,2,0,1,501.0,501.0
1422322893,coltspass,1,1,2,0,1,856.0,856.0
1422322893,ramspress,1,1,2,0,1,612.0,612.0
1422322894,cowboyspress,1,1,2,0,1,1533.0,1533.0
1422323224,nosnnfl,1,1,1,0,2,201.0,201.0
1422323285,nfl_seahawks1,1,1,1,0,4,783.0,783.0
1422323378,msoto111,1,1,0,0,4,4.0,4.0
1422323455,rednekked_,1,1,1,0,5,1749.0,1749.0
1422323460,univ_deportes,1,4,1,0,2,24398.0,24398.0
1422323465,sf49ersfans1,1,1,1,0,5,3344.0,3344.0
1422323526,_jennifergarner,1,1,1,0,4,2198.0,2198.0
1422323639,mlyanko,1,1,0,0,3,63.0,63.0
1422323679,marty_365,1,1,0,0,2,356.0,356.0
1422323752,foxtippy1,1,1,0,1,4,90.0,90.0
1422323772,horridpalladium,1,1,1,0,2,138.0,138.0
1422324006,topnygiants,1,1,1,0,1,1662.0,1662.0
1422324089,brianbrown_,1,1,1,0,3,50.0,50.0
1422324092,nygiantsfanzone,1,3,1,0,3,3038.0,3038.0
1422324096,cytrading1,1,1,1,0,12,29.0,29.0
1422324312,track_patriots,1,1,1,0,2,2104.0,2104.0
1422324316,dopeydora42,1,4,0,3,2,68.0,68.0
1422324316,track_patriots,1,2,1,0,2,2104.0,2104.0
1422324399,playerpress,1,1,2,0,1,12222.0,12222.0
1422324514,nfl_seahawks1,1,1,1,0,5,781.0,781.0
1422324517,toptrendwatch3,1,1,1,0,4,2460.0,2460.0
1422324634,mrfanfball,1,1,1,0,1,933.0,933.0
1422324682,newyerkpost,1,1,1,0,4,832.0,832.0
1422324697,seahawkspress,1,1,2,0,3,621.0,621.0
1422324944,seahawksreddit,1,1,1,0,3,115.0,115.0
1422325205,nflbywordlink,1,1,1,0,1,91.0,91.0
1422325205,topravens,1,1,1,0,1,797.0,797.0
1422325210,chatdolphins,1,1,1,2,2,633.0,633.0
1422325389,seahawkspress,1,1,2,1,2,621.0,621.0
1422325409,gazzamartin2,1,1,1,0,1,5.0,5.0
1422325415,brigette_rardon,1,1,1,0,4,3046.0,3046.0
1422325572,jair9m,1,1,0,0,2,57.0,57.0
1422325610,nflpicksfree,1,1,1,0,3,1470.0,1470.0
1422325651,nflonespn,1,1,1,0,1,209.0,209.0
1422325768,mobilesports,1,1,1,0,2,780.0,780.0
1422325775,adele_watch,1,1,1,0,4,2965.0,2965.0
1422325943,ordw1,1,1,0,0,3,47.0,47.0
1422326051,nflinbox,1,1,1,0,1,21.0,21.0
1422326168,track_redskins,1,1,1,0,3,556.0,556.0
1422326278,ambertheoharis,1,14,0,0,2,26603.0,26603.0
1422326400,rock105fm,1,2,1,0,2,11.0,11.0
1422326406,topravens,1,1,1,0,1,794.0,794.0
1422326416,beantown_fans,1,1,1,0,2,1399.0,1399.0
1422326472,nfl_seahawks1,1,1,1,0,5,781.0,781.0
1422326472,nfl_seahawks1,1,1,1,0,4,783.0,783.0
1422326479,latest_nflnews,1,1,1,0,1,29.0,29.0
1422326585,seahawkspress,1,1,2,1,3,621.0,621.0
1422326883,traveling4nets,1,1,1,0,2,500.0,500.0
1422326890,boostingsocial,1,1,1,0,2,634.0,634.0
1422326918,nosnnfl,1,1,1,0,2,201.0,201.0
1422327006,indiecoltsfans,1,1,1,0,5,0.0,0.0
1422327304,rafaelnadal_fan,1,1,1,0,4,2795.0,2795.0
1422327606,nflbywordlink,1,1,1,0,1,91.0,91.0
1422327659,gmenhq,1,2,1,1,4,2547.0,2547.0
1422327671,adele_watch,1,1,1,0,4,2965.0,2965.0
1422327747,nflfan450,1,1,1,0,1,165.0,165.0
1422327811,detroitprincerg,1,1,1,2,3,595.0,595.0
1422327814,t_bear_bear,1,1,0,1,3,152.0,152.0
1422328099,swamp_yankee,1,1,0,1,3,6.0,6.0
1422328174,jenjamesbrown,1,1,0,0,2,359.0,359.0
1422328354,sf49ersfans1,1,1,1,0,5,3344.0,3344.0
1422328385,titanspress,1,1,2,0,1,476.0,476.0
1422328385,bengalspress,1,1,2,0,1,593.0,593.0
1422328386,giantspress,1,1,2,0,1,652.0,652.0
1422328386,coltspass,1,1,2,0,1,856.0,856.0
1422328388,cardinalspress,1,1,2,0,1,598.0,598.0
1422328504,moncharees,1,1,1,0,2,25.0,25.0
1422328701,zypldot,1,1,0,0,6,7035.0,7035.0
1422328805,coltspass,1,2,2,0,2,856.0,856.0
1422329553,diazcartoons,1,1,0,2,7,35.0,35.0
1422329581,cooknott,1,1,0,0,3,16.0,16.0
1422329709,topsteelers,1,1,1,0,1,960.0,960.0
1422330020,fortis4lyfe,1,1,0,1,6,19.0,19.0
1422330032,andymc81,1,1,1,1,3,1474.0,1474.0
1422330342,potandkettle,1,2,0,0,4,185.0,185.0
1422330421,seahawksreddit,1,1,1,0,3,115.0,115.0
1422330425,nfl_seahawks1,1,1,1,0,5,781.0,781.0
1422330610,topbengals,1,1,1,0,1,856.0,856.0
1422330674,follownflnews,1,1,1,0,3,116.0,116.0
1422330973,nflguyz,1,1,1,0,1,163.0,163.0
1422331031,nflfan450,1,1,1,0,1,165.0,165.0
1422331102,n2positivity,1,1,1,1,1,66.0,66.0
1422331142,lnsportsradio,1,2,1,1,5,125.0,125.0
1422331173,toptrendwatch3,1,1,1,0,4,2460.0,2460.0
1422331209,thefirstdown,1,1,1,0,1,95.0,95.0
1422331340,nflfan450,1,1,1,0,1,165.0,165.0
1422331395,sportsredneck,1,1,1,0,1,666.0,666.0
1422331441,indiecoltsfans,1,1,1,0,5,0.0,0.0
1422331532,themikeismail,1,1,0,1,2,875.0,875.0
1422331729,profootballdaly,1,1,1,0,7,2.0,2.0
1422331816,profootballdaly,1,1,1,0,4,2.0,2.0
1422331952,profootballdaly,1,1,1,0,7,2.0,2.0
1422332382,chatcolts,1,1,1,1,2,781.0,781.0
1422332439,chatnygiants,1,1,1,1,2,861.0,861.0
1422332482,lasangelestimes,1,1,1,0,5,1409.0,1409.0
1422332530,toniok12,1,2,0,0,3,103.0,103.0
1422332766,nflguyz,1,1,1,0,1,163.0,163.0
1422332946,track_patriots,1,1,1,0,2,2104.0,2104.0
1422332973,dallascowboys1v,1,1,1,0,4,561.0,561.0
1422333690,patzfan4eva,1,2,0,3,2,25.0,25.0
1422333012,topnepatriots,1,1,1,0,1,988.0,988.0
1422333395,nfl_seahawks1,1,1,1,0,4,783.0,783.0
1422333695,garywalton73,1,1,0,2,2,35.0,35.0
1422333764,chicletz1,1,1,1,0,6,8.0,8.0
1422333830,sportsgangsta,1,1,1,0,3,772.0,772.0
1422333937,robertapetz,1,3,0,1,2,1318.0,1318.0
1422333919,myrtlebeachfor,1,1,1,0,5,1837.0,1837.0
1422334277,nflfan450,1,1,1,0,1,165.0,165.0
1422334357,redmavericketsy,1,1,1,0,3,158.0,158.0
1422334400,follownflnews,1,1,1,0,3,115.0,115.0
1422334457,jeffgulati,1,1,1,0,2,393.0,393.0
1422334539,afriendofgod512,1,1,1,0,4,358.0,358.0
1422334804,manning_watch,1,1,1,0,5,5041.0,5041.0
1422334835,dallascowboys1v,1,1,1,0,5,561.0,561.0
1422334839,chatchtvsports,1,2,1,0,4,642.0,642.0
1422335164,nfl_seahawks1,1,1,1,0,4,783.0,783.0
1422335285,badinko,1,1,1,0,1,112.0,112.0
1422335400,snoophog632,1,1,0,0,3,150.0,150.0
1422335539,seahawksreddit,1,1,1,0,3,115.0,115.0
1422335680,sportsgangsta,1,1,1,0,2,772.0,772.0
1422335768,manning_watch,1,1,1,0,5,5041.0,5041.0
1422335802,seahawksreddit,1,1,1,0,3,115.0,115.0
1422335827,manning_watch,1,1,1,0,5,5041.0,5041.0
1422336181,nfliq,1,1,1,0,1,236.0,236.0
1422336406,us4usa,1,1,1,0,1,2382.0,2382.0
1422336601,beantown_fans,1,1,1,0,3,1399.0,1399.0
1422336766,track_patriots,1,1,1,0,2,2104.0,2104.0
1422336767,track_patriots,1,1,1,0,2,2104.0,2104.0
1422337047,raymond_church,1,1,0,0,1,65.0,65.0
1422337628,sf49ersfans1,1,1,1,0,5,3344.0,3344.0
1422337693,bostonsportshb,1,1,0,0,3,185.0,185.0
1422337893,sf49ersfans1,1,1,1,0,5,3344.0,3344.0
1422338117,topredskins,1,2,1,0,2,1621.0,1621.0
1422338265,scenesfromseatt,1,1,1,0,6,1667.0,1667.0
1422338457,dandalyonsports,1,14,1,0,7,2135.0,2135.0
1422338581,masizmore,1,1,1,1,4,1361.0,1361.0
1422338598,nflfan450,1,1,1,0,1,165.0,165.0
1422338610,nflfan450,1,1,1,0,1,165.0,165.0
1422338610,nflfan450,1,1,1,0,1,165.0,165.0
1422338673,halftimebids,1,1,0,1,1,910.0,910.0
1422338706,track_patriots,1,1,1,0,2,2104.0,2104.0
1422338885,nfldraft_,1,1,1,0,1,85.0,85.0
1422339848,thefirstdown,1,1,1,0,1,95.0,95.0
1422340231,seahawksreddit,1,1,1,0,3,115.0,115.0
1422340439,nostrx,1,1,0,0,5,43.0,43.0
1422340715,nfl_seahawks1,1,1,1,0,4,781.0,781.0
1422340961,elliott_gyal,1,1,1,1,3,1084.0,1084.0
1422341290,profootballdaly,1,1,1,0,5,2.0,2.0
1422341470,nfl_seahawks1,1,1,1,0,5,783.0,783.0
1422341666,pirate_news_,1,1,1,0,3,742.0,742.0
1422341951,adele_watch,1,1,1,0,4,2965.0,2965.0
1422327431,suddhidaomeara,1,2,0,1,1,33.0,33.0
1422320409,hotelcacaomx,1,1,1,0,1,160.0,160.0
1422320501,lucasbodine,1,1,0,0,1,135.0,135.0
1422320516,bgstacey88,1,1,1,1,1,547.0,547.0
1422320585,cancellbug,1,1,0,1,1,123.0,123.0
1422320632,zkzoen,1,1,0,0,1,15.0,15.0
1422320645,bostonfan2oo4,1,1,0,0,1,249.0,249.0
1422320656,gavin_joiner,1,1,0,0,1,2.0,2.0
1422320658,dontrail,1,1,0,0,5,175.0,175.0
1422320668,joshua_clapper,1,1,0,0,1,33.0,33.0
1422320688,link32132,1,1,0,0,1,2.0,2.0
1422320693,matterboy123,1,1,0,0,1,1.0,1.0
1422320696,gusyoung_,1,1,0,0,1,170.0,170.0
1422320702,zarafa101,1,1,0,0,1,30.0,30.0
1422320707,darienh_csu,1,1,0,0,1,6.0,6.0
1422320715,pecansandpearls,1,1,0,0,1,50.0,50.0
1422320718,jsilva982,1,1,0,0,2,321.0,321.0
1422320724,tommyboy_ryan,1,1,0,0,1,13.0,13.0
1422320732,johngraham830,1,1,0,0,1,5.0,5.0
1422320754,e_gruse,1,1,0,0,1,10.0,10.0
1422320760,zcompton25,1,1,0,0,1,25.0,25.0
1422320780,bahamatata,1,7,0,0,2,867.0,867.0
1422320812,betmayor_eu,1,1,2,0,2,142.0,142.0
1422320817,750thegame,1,2,0,4,1,6502.0,6502.0
1422320826,memoryann121,1,1,0,0,1,1.0,1.0
1422320838,wilolopeznj,1,1,0,0,1,188.0,188.0
1422320842,ladailynewz,1,1,1,0,6,745.0,745.0
1422320846,606logic,1,1,1,0,1,1279.0,1279.0
1422320848,08christina89,1,1,0,0,1,42.0,42.0
1422320890,ilnewsnetwork,1,1,1,0,1,2696.0,2696.0
1422320893,georgetrev,1,1,0,0,1,45.0,45.0
1422320895,luvmybabies0913,1,1,0,0,1,14.0,14.0
1422320903,buckeyegal20,1,1,0,0,0,14.0,14.0
1422320906,larrymcelroy71,1,1,0,0,1,22.0,22.0
1422320909,ajpatterson48,1,1,0,0,2,30.0,30.0
1422320927,1993rew,1,1,0,0,1,81.0,81.0
1422320930,motomoe1981,1,1,0,0,1,19.0,19.0
1422320967,viarantes,1,2,0,3,2,47.0,47.0
1422320974,georgetrev,1,1,0,0,1,45.0,45.0
1422320987,obey_tallz,1,1,0,0,2,447.0,447.0
1422321003,mrmapleoa,1,1,0,0,3,123.0,123.0
1422321011,tiffanygrace013,1,2,0,0,2,183.0,183.0
1422321013,shaneschultz,1,1,0,0,1,32.0,32.0
1422321028,mikehoadley16,1,1,0,0,1,81.0,81.0
1422321033,britterbug17,1,1,0,0,1,40.0,40.0
1422321040,danfarmer12,1,1,0,6,1,198.0,198.0
1422321047,mark13eaton,1,1,0,0,1,150.0,150.0
1422321049,mpccrisafulli,1,1,1,0,1,36.0,36.0
1422321050,benymart,1,1,0,0,1,58.0,58.0
1422321052,donelson330,1,1,0,0,1,0.0,0.0
1422321061,ugacharlotte,1,1,0,0,1,1248.0,1248.0
1422321067,gavin_joiner,1,1,0,0,1,2.0,2.0
1422321084,gewng,1,1,0,0,2,302.0,302.0
1422321111,supportashtonl,1,1,0,0,1,156.0,156.0
1422321113,fryingpantv,1,1,0,0,1,110.0,110.0
1422321127,thejetreport,1,1,0,1,2,3243.0,3243.0
1422321144,titletowntalksb,1,5,0,0,2,2962.0,2962.0
1422321171,wingsstef,1,2,0,0,1,1746.0,1746.0
1422321177,ericdpugh,1,1,0,0,1,20.0,20.0
1422321231,tnrmorph2,1,1,0,0,1,0.0,0.0
1422321239,lesliemcmiller,1,1,0,0,4,360.0,360.0
1422321250,stivslasher,1,1,0,0,1,237.0,237.0
1422321255,smprincess10,1,1,0,0,1,73.0,73.0
1422321255,alicemcook,1,1,0,0,2,1284.0,1284.0
1422321259,darinjweeks,1,2,0,0,2,326.0,326.0
1422321261,shaneschultz,1,1,0,0,2,32.0,32.0
1422321272,poingah,1,2,0,0,2,237.0,237.0
1422321280,rafaelcarranza,1,2,0,2,3,441.0,441.0
1422321282,jpereznavarro,1,2,0,2,1,41845.0,41845.0
1422321304,mattnicholson72,1,2,0,0,1,159.0,159.0
1422321341,lifebeautiful20,1,2,0,0,1,33.0,33.0
1422321346,baconc,1,1,0,1,1,158.0,158.0
1422321366,wedealrealestat,1,1,0,0,5,1122.0,1122.0
1422321377,annieweijiazhao,1,1,0,0,2,11.0,11.0
1422321385,bunterbean11,1,1,0,0,1,2.0,2.0
1422321400,lizreich84,1,1,0,0,2,27.0,27.0
1422321409,53_lraj,1,1,0,0,1,97.0,97.0
1422321419,ken_alvrd,1,1,0,1,1,291.0,291.0
1422321420,georgetrev,1,1,0,0,1,45.0,45.0
1422321423,dfk70,1,1,0,0,1,3.0,3.0
1422321434,mightykylee,1,1,0,0,1,56.0,56.0
1422321435,pushover40,1,1,0,0,2,189.0,189.0
1422321437,thejetreport,1,2,0,0,1,3243.0,3243.0
1422321439,jacolgeoghegan,1,2,0,0,1,25.0,25.0
1422321442,ryanali1234,1,1,0,0,1,14.0,14.0
1422321443,dianegsff,1,1,0,0,1,497.0,497.0
1422321444,pandastamper,1,1,1,1,1,176.0,176.0
1422321451,gabyrdarris,1,1,0,0,2,575.0,575.0
1422321457,muffingirl1993,1,1,0,0,1,180.0,180.0
1422321459,miguelwvu,1,4,0,0,2,61.0,61.0
1422321466,xgrierxirwinx,1,1,0,0,1,1040.0,1040.0
1422321479,danielle_babie,1,1,0,0,1,326.0,326.0
1422321484,n03llenoelle,1,1,1,1,1,197.0,197.0
1422321485,tml495,1,2,0,1,2,60.0,60.0
1422321486,hope_mara,1,1,0,0,1,7.0,7.0
1422321487,josiegray69,1,1,0,0,1,417.0,417.0
1422321487,the_tk3,1,1,0,0,2,104.0,104.0
1422321492,hnjohnston,1,1,0,0,1,772.0,772.0
1422321535,conpatter,1,1,1,1,1,5.0,5.0
1422321545,mineoandsapio,1,1,0,0,1,109.0,109.0
1422321548,eugenemc132,1,1,0,0,1,26.0,26.0
1422321550,veronica_7899,1,2,0,0,1,518.0,518.0
1422321558,ringering45,1,1,0,4,1,191.0,191.0
1422321562,donaldblack43,1,1,0,0,1,0.0,0.0
1422321573,irmamontepaper,1,1,0,1,1,44.0,44.0
1422321586,pl221,1,2,0,0,1,631.0,631.0
1422321599,iceprincessmtra,1,1,0,0,1,240.0,240.0
1422321608,gibby_gibbons,1,1,0,0,1,0.0,0.0
1422321613,movementr,1,1,1,3,1,59.0,59.0
1422321622,stevelew1,1,1,0,0,1,58.0,58.0
1422321625,bunterbean11,1,1,0,0,1,2.0,2.0
1422321628,cjwigfall,1,1,0,0,1,80.0,80.0
1422321634,snownog1,1,1,0,0,1,0.0,0.0
1422321637,lizzieradazo10,1,1,0,0,1,192.0,192.0
1422321640,silerwill,1,1,0,0,1,250.0,250.0
1422321646,sistersbbandcic,1,1,0,0,1,147.0,147.0
1422321647,imightcareabout,1,1,0,0,1,33.0,33.0
1422321663,witchmancrypto,1,2,0,0,1,5.0,5.0
1422321672,justinlcooke,1,1,1,1,1,369.0,369.0
1422321676,joshshelton9,1,1,0,0,1,68.0,68.0
1422321700,poca_c,1,3,0,0,1,299.0,299.0
1422321725,omsocool,1,1,0,0,1,15.0,15.0
1422321731,okeylin52,1,1,0,0,1,3.0,3.0
1422321750,mikemyher,1,1,0,1,2,238.0,238.0
1422321792,reabecca1,1,1,0,0,1,27.0,27.0
1422321794,debs5555biggs,1,5,0,0,1,1191.0,1191.0
1422321801,cellithorpe,1,1,0,0,1,6.0,6.0
1422321805,miriaha_mg,1,1,0,1,1,64.0,64.0
1422321821,parejamatthew,1,1,0,0,1,3.0,3.0
1422321827,donaldblack43,1,1,0,0,1,0.0,0.0
1422321838,pinnix2014,1,1,1,1,1,347.0,347.0
1422321845,fauxhawk1213,1,1,0,0,1,12.0,12.0
1422321848,capehank,1,1,0,0,1,8.0,8.0
1422321869,twittytwat,1,1,0,0,1,6.0,6.0
1422321873,lugarcia24,1,1,0,0,1,246.0,246.0
1422321875,626arianagrande,1,1,0,0,1,0.0,0.0
1422321880,raffamiami,1,1,0,0,1,613.0,613.0
1422321881,robthue,1,1,0,0,1,45.0,45.0
1422321887,darynmae,1,1,0,0,1,143.0,143.0
1422321889,mattnicholson72,1,1,0,0,2,159.0,159.0
1422321902,patrickfroning,1,1,0,0,1,61.0,61.0
1422321925,dangergirl6,1,2,0,0,3,657.0,657.0
1422321925,emilyott34,1,1,0,0,1,47.0,47.0
1422321927,robbieswords,1,1,0,1,1,79.0,79.0
1422321934,cstaylorod,1,1,0,0,1,15.0,15.0
1422321965,georgetrev,1,1,1,1,1,45.0,45.0
1422321973,ooc_storm,1,2,1,0,1,121.0,121.0
1422321999,teeninsta,1,1,0,0,5,1253.0,1253.0
1422322011,luvprrple,1,1,0,0,1,74.0,74.0
1422322012,andersondebil,1,1,0,0,1,42.0,42.0
1422322014,shaynajaskolka,1,1,0,1,1,48.0,48.0
1422322041,nerogueballboy,1,2,0,0,3,540.0,540.0
1422322045,dmlx96,1,1,1,0,4,4.0,4.0
1422322061,chrisman102,1,1,0,0,1,43.0,43.0
1422322062,whackmnstackm,1,1,0,1,3,445.0,445.0
1422322076,dante_m,1,1,0,0,1,70.0,70.0
1422322099,ben_catfleck,1,1,0,0,1,16.0,16.0
1422322124,justinlcooke,1,1,1,0,1,369.0,369.0
1422322125,thielwrites,1,12,0,2,4,26505.0,26505.0
1422322154,randyvv,1,1,0,0,1,14.0,14.0
1422322162,emmagrace5388,1,1,0,0,1,0.0,0.0
1422322167,parejamatthew,1,1,0,0,1,3.0,3.0
1422322174,bunni_boo_kili,1,1,0,0,3,813.0,813.0
1422322175,sharonnn711,1,1,0,0,1,102.0,102.0
1422322186,eatsbento,1,3,1,0,3,413.0,413.0
1422322189,barrel_max,1,1,0,0,1,43.0,43.0
1422322193,gohawkskayla,1,3,0,0,4,373.0,373.0
1422322224,jrhockeywriter,1,4,0,0,2,2583.0,2583.0
1422322206,teeninsta,1,1,0,0,6,1253.0,1253.0
1422322218,chappellroberts,1,1,0,1,3,1490.0,1490.0
1422322221,sm_moyer,1,1,0,0,1,7.0,7.0
1422322228,jessielmharris,1,1,0,0,1,35.0,35.0
1422322234,joe_flynn14,1,1,0,0,3,185.0,185.0
1422322234,marifersaldate,1,1,0,1,2,200.0,200.0
1422322246,allqu,1,1,0,0,1,12.0,12.0
1422322256,weakenedupdate,1,1,0,1,1,157.0,157.0
1422322264,dadthegeekblog,1,1,0,0,1,18.0,18.0
1422322268,milanorn,1,1,0,0,1,11.0,11.0
1422322322,kendra_hinton,1,1,0,0,1,375.0,375.0
1422322327,k0hlp,1,1,0,0,2,32.0,32.0
1422322344,mrshanetoyou,1,1,0,0,1,139.0,139.0
1422322349,foohfurrh2,1,1,0,0,1,26.0,26.0
1422322362,mbachety,1,1,1,2,1,44.0,44.0
1422322363,tammykinser1,1,1,0,0,1,75.0,75.0
1422322366,itsmelbreezy,1,1,0,0,1,190.0,190.0
1422322391,dagreen_monster,1,1,0,0,1,16.0,16.0
1422322429,medlock_jeff,1,1,0,0,1,2.0,2.0
1422322444,eagles2two,1,1,0,1,2,43.0,43.0
1422322445,hunterjewett2,1,1,0,0,1,13.0,13.0
1422322454,inatu_blog,1,1,0,0,2,25.0,25.0
1422322470,jkdeerslayer,1,1,0,0,1,11.0,11.0
1422322479,leothastanley,1,1,0,0,1,6.0,6.0
1422322526,mmagnus385,1,1,0,0,1,11.0,11.0
1422322549,nsargent1641,1,1,0,0,2,4.0,4.0
1422322553,thatguynels,1,1,0,0,1,27.0,27.0
1422322586,abbeylong32,1,2,1,1,1,60.0,60.0
1422322624,cynthiarothe,1,1,0,1,1,13.0,13.0
1422322643,jkav91,1,1,0,1,2,472.0,472.0
1422322645,knownasubi,1,1,0,0,1,6.0,6.0
1422322648,crazycat2dj,1,1,0,0,2,87.0,87.0
1422322651,cvpugel,1,1,1,0,1,8.0,8.0
1422322671,penwron,1,1,0,0,2,16.0,16.0
1422322674,slowmotiongamer,1,1,0,0,2,2.0,2.0
1422322677,admire_lucas,1,1,0,1,1,19.0,19.0
1422322719,andhanni,1,1,0,0,1,110.0,110.0
1422322727,morrisonjacob82,1,1,0,0,1,2.0,2.0
1422322776,kwgoodson,1,1,0,0,1,37.0,37.0
1422322801,janetsanford60,1,1,0,0,1,26.0,26.0
1422322812,gopmomtexas,1,1,0,0,1,16.0,16.0
1422322823,makaylawells2,1,1,0,0,1,9.0,9.0
1422322823,mrbishop2727,1,1,0,2,1,378.0,378.0
1422322824,karmsandhu,1,1,1,0,5,164.0,164.0
1422322829,jennrlewis83,1,1,0,1,1,355.0,355.0
1422322847,thedash57,1,1,0,0,1,585.0,585.0
1422322854,isparkyf,1,1,0,0,1,11.0,11.0
1422322855,0pokeadots1230,1,1,0,0,1,122.0,122.0
1422322859,el_cid_01,1,2,0,0,1,10.0,10.0
1422322863,mangelamoore,1,2,0,0,1,207.0,207.0
1422322883,557assist,1,1,0,0,1,80.0,80.0
1422322908,tm_jmers,1,1,0,0,1,21.0,21.0
1422322953,thehighestmark,1,1,0,2,2,949.0,949.0
1422322978,huskergal13,1,1,0,0,1,28.0,28.0
1422322989,bunni_boo_kili,1,1,0,0,2,813.0,813.0
1422322991,bicholes,1,1,0,0,1,35.0,35.0
1422323001,ddged204,1,1,0,0,1,0.0,0.0
1422323002,charlesimiwakom,1,6,1,0,2,0.0,0.0
1422323008,mackenna__a,1,1,0,0,1,633.0,633.0
1422323019,huhsojsnave,1,1,0,0,2,1.0,1.0
1422323029,davidisoferem,1,2,1,0,1,0.0,0.0
1422323045,trasegus,1,1,1,1,1,18.0,18.0
1422323057,maynard1970,1,1,0,0,1,84.0,84.0
1422323058,caligirl998,1,1,0,0,3,112.0,112.0
1422323074,hmccool03680368,1,1,0,0,1,0.0,0.0
1422323114,huskergal13,1,1,1,2,1,28.0,28.0
1422323122,miavalentinaceo,1,1,0,0,1,1411.0,1411.0
1422323141,jedipickles,1,1,0,0,1,129.0,129.0
1422323147,jkdeerslayer,1,1,0,0,1,11.0,11.0
1422323152,_tanissssss_,1,1,0,0,2,354.0,354.0
1422323206,gatordennis,1,2,0,0,1,2044.0,2044.0
1422323211,giff18,1,1,1,1,2,695.0,695.0
1422323321,superbowlbuzz,1,1,1,0,1,75.0,75.0
1422323330,thecorndog99,1,1,0,0,1,31.0,31.0
1422323359,shaneschultz,1,1,0,0,1,32.0,32.0
1422323384,dreamytravels,1,1,1,1,4,1064.0,1064.0
1422323393,tailgatewings,1,1,1,0,2,80.0,80.0
1422323401,smurphydo,1,1,0,1,1,132.0,132.0
1422323414,splitsatoms,1,2,0,1,2,64.0,64.0
1422323417,suzie14809,1,1,1,1,1,21.0,21.0
1422323432,1989guyswiftie,1,1,0,0,1,1467.0,1467.0
1422323464,lifeinapocket,1,1,0,1,1,41.0,41.0
1422323506,frankh511,1,1,0,0,1,14.0,14.0
1422323530,skyscraper_boy,1,1,1,0,2,545.0,545.0
1422323576,krystaallight,1,2,0,0,1,255.0,255.0
1422323577,daltondiels,1,1,0,0,2,22.0,22.0
1422323649,djskoo2,1,1,0,1,1,271.0,271.0
1422323670,officialxjaylon,1,1,0,0,2,14.0,14.0
1422323694,blkfootspirit,1,2,0,0,1,3.0,3.0
1422323727,smallestpepper,1,1,0,1,4,36.0,36.0
1422323768,cnamonbaby,1,1,0,0,1,0.0,0.0
1422323774,ozintx,1,1,0,2,1,83.0,83.0
1422323803,aviallab,1,1,0,0,1,5.0,5.0
1422323806,logandean_15,1,1,0,1,1,204.0,204.0
1422323811,levy_carmen,1,2,0,1,1,321.0,321.0
1422323820,carson_castillo,1,1,0,0,1,88.0,88.0
1422323820,wharton,1,2,1,1,2,136085.0,136085.0
1422323840,stevenbholland,1,2,0,1,2,143.0,143.0
1422323907,tomservosblendr,1,1,0,0,2,344.0,344.0
1422323937,amanda_maria2,1,1,0,0,1,61.0,61.0
1422323943,milenio,1,7,0,1,1,2288647.0,2288647.0
1422323967,im_a1,1,1,0,0,2,289.0,289.0
1422324028,gmenhq,1,3,1,1,3,2548.0,2548.0
1422324076,colwell458,1,1,0,0,1,120.0,120.0
1422324092,kim_seals,1,1,0,0,2,32.0,32.0
1422324093,siete24noticias,1,1,1,3,1,36033.0,36033.0
1422324128,rachelferrucci,1,1,0,0,1,50402.0,50402.0
1422324247,jene28,1,1,0,0,1,0.0,0.0
1422324248,adreanagonzales,1,1,0,2,2,1195.0,1195.0
1422324297,superbowlstrike,1,1,0,1,10,4.0,4.0
1422324303,kurttoons,1,3,1,0,1,364.0,364.0
1422324440,lancewilkins,1,2,0,4,1,60.0,60.0
1422324467,brandon_cesargc,1,1,0,0,2,38.0,38.0
1422324481,elyse_schaefer,1,1,0,1,1,235.0,235.0
1422324719,coachdingus,1,1,0,0,1,740.0,740.0
1422324774,cu_sweetcheeks,1,1,0,1,2,150.0,150.0
1422324799,kylepearson21,1,1,0,0,1,369.0,369.0
1422324968,mikemgarner,1,36,0,2,2,11579.0,11579.0
1422325020,veryhungrytrav,1,1,0,2,2,2616.0,2616.0
1422325103,bishopdubourg,1,1,1,1,2,1440.0,1440.0
1422325143,kayle498,1,1,0,0,1,102.0,102.0
1422325146,ptballs,1,2,0,1,1,84.0,84.0
1422325148,elyse_schaefer,1,2,0,1,2,235.0,235.0
1422325226,tecumsehtj,1,1,0,0,1,29.0,29.0
1422325240,wendyweth,1,4,1,2,2,157.0,157.0
1422325371,shannananaaaa,1,1,0,0,1,268.0,268.0
1422325477,the_lavinator,1,1,0,0,1,144.0,144.0
1422325481,marissaaajl,1,1,1,1,1,157.0,157.0
1422325503,cmtcody,1,19,1,1,1,137140.0,137140.0
1422325524,pepeluissalinas,1,1,0,1,2,463.0,463.0
1422325566,coreybryant,1,1,1,0,1,650.0,650.0
1422325643,donitotaylorpag,1,1,1,0,1,17.0,17.0
1422325652,utahjazzfan_1,1,1,0,0,1,604.0,604.0
1422325699,6micfilms,1,2,1,2,3,5107.0,5107.0
1422325745,proyectomentamx,1,3,0,0,1,359.0,359.0
1422325826,dadsined,1,2,1,1,2,318.0,318.0
1422326025,iimatheson,1,1,0,0,1,4.0,4.0
1422326057,rstudiodunedin,1,1,1,0,3,388.0,388.0
1422326103,giterdonesports,1,1,1,0,2,601.0,601.0
1422326122,hugh_s_bryant,1,1,0,1,3,337.0,337.0
1422326133,hectorcruz76,1,2,0,2,4,178.0,178.0
1422326145,jasonbojangals,1,2,1,4,2,89.0,89.0
1422326402,jasonbojangals,1,1,1,4,3,89.0,89.0
1422326476,dj_artimus,1,2,0,0,2,424.0,424.0
1422326539,hirayamadrew,1,1,0,0,1,189.0,189.0
1422326607,lashrodney,1,3,0,1,1,1057.0,1057.0
1422326610,mama_giggles,1,1,1,0,3,653.0,653.0
1422326668,hot975vegas,1,1,0,0,2,11413.0,11413.0
1422327089,yokosanboca,1,1,1,0,2,38.0,38.0
1422327177,greenvelope,1,1,1,0,1,10023.0,10023.0
1422327199,twkspeaker,1,1,1,0,6,94.0,94.0
1422327253,momfari,1,4,1,2,2,1180.0,1180.0
1422327394,osojcrg,1,1,0,0,3,232.0,232.0
1422327413,persfinwiz,1,1,0,0,1,590.0,590.0
1422327466,gregghunt,1,1,1,0,5,600.0,600.0
1422327518,dynamicjill,1,2,0,4,1,2126.0,2126.0
1422327559,ladyinbootsmt,1,1,0,0,1,63.0,63.0
1422330256,slight_brk,1,3,0,0,1,233.0,233.0
1422327886,athleticedge,1,1,0,1,4,878.0,878.0
1422328057,anne_r_u_ok,1,2,1,1,1,10754.0,10754.0
1422328183,theazsportsguru,1,1,1,0,3,951.0,951.0
1422328371,robertcresanti,1,1,1,1,4,270.0,270.0
1422328667,designsprinkle,1,1,1,0,3,937.0,937.0
1422328850,angel_rsc,1,1,0,0,2,149.0,149.0
1422328878,mwcoyote,1,4,0,0,2,463.0,463.0
1422329205,susanjsmith2,1,1,0,1,1,1312.0,1312.0
1422329354,guardo_alarcon,1,1,0,1,2,64.0,64.0
1422329403,crowfootwine,1,1,1,0,3,939.0,939.0
1422329437,jellybeansales,1,1,1,0,6,424.0,424.0
1422329501,djs123sports,1,1,1,2,3,1382.0,1382.0
1422329644,calldt,1,3,1,0,4,1012.0,1012.0
1422329719,paninisportmx,1,2,0,1,1,30580.0,30580.0
1422329823,kelspyz,1,1,1,1,1,125.0,125.0
1422330124,tommyxtopher,1,4,1,1,1,7184.0,7184.0
1422330513,stephaniecole09,1,1,0,0,2,26.0,26.0
1422330685,bealegrant,1,3,0,1,1,712.0,712.0
1422330826,mikebbn,1,1,0,2,4,4243.0,4243.0
1422331030,hillbillynerd1,1,1,1,0,4,1297.0,1297.0
1422331111,astockeywtae,1,1,0,1,2,11782.0,11782.0
1422331122,aknitintime,1,1,1,0,5,24.0,24.0
1422331139,blakekaplan,1,1,1,0,4,1771.0,1771.0
1422331450,dahliadelarosa,1,1,0,0,1,14.0,14.0
1422331547,aallman12,1,2,0,0,1,567.0,567.0
1422331709,desertsheepdog,1,1,1,0,3,460.0,460.0
1422331728,demariasereena,1,1,0,0,2,15.0,15.0
1422331770,vichiluz,1,1,0,0,1,463.0,463.0
1422331821,4chionmarketing,1,2,0,1,2,2882.0,2882.0
1422331911,3waysmithers,1,1,0,0,1,49.0,49.0
1422331934,benjaminwiggins,1,2,0,1,3,8720.0,8720.0
1422332086,dblackva,1,1,1,1,1,6249.0,6249.0
1422332202,singinsince3,1,1,0,1,1,441.0,441.0
1422332275,tracigriffiths1,1,1,1,0,0,3.0,3.0
1422332454,jeepgirlsd,1,1,1,0,2,36.0,36.0
1422332482,dancontreras9,1,1,0,0,2,452.0,452.0
1422332548,nflwarroom,1,1,0,0,1,1068.0,1068.0
1422332665,jenny305_miami,1,1,0,0,2,58.0,58.0
1422332737,bynu7,1,1,1,0,1,1.0,1.0
1422332805,rose_brookz,1,1,0,0,2,105.0,105.0
1422332821,soonersherm,1,1,0,0,2,69.0,69.0
1422332998,kevinramoz70,1,1,0,0,1,236.0,236.0
1422333080,rpcaveman,1,1,0,0,1,2.0,2.0
1422333318,jmgarcia91911,1,1,0,0,1,1.0,1.0
1422333401,brucefrench1,1,1,0,0,1,22.0,22.0
1422333434,chiiaquil,1,2,0,0,3,2602.0,2602.0
1422333596,perezsantoyo92,1,1,0,0,2,439.0,439.0
1422333609,csnnw,1,2,0,0,1,11127.0,11127.0
1422333611,dmbtrivia,1,23,0,0,4,5230.0,5230.0
1422333723,whiskeypixiela,1,1,0,0,2,513.0,513.0
1422333784,raptoridge,1,1,0,1,2,1863.0,1863.0
1422333859,jjrtaylor,1,1,1,1,1,724.0,724.0
1422333996,mart_cube,1,1,0,0,1,63.0,63.0
1422334010,markvg87,1,1,0,0,3,16.0,16.0
1422334021,rylan_murray,1,1,0,0,1,2.0,2.0
1422334242,pereirajanayah,1,1,0,0,4,268.0,268.0
1422334365,rafarcos,1,1,0,1,2,678.0,678.0
1422334391,scott_markey,1,2,1,2,1,116.0,116.0
1422334444,kimirhochelle,1,1,3,0,2,9278.0,9278.0
1422334575,j_teeters,1,1,1,1,2,571.0,571.0
1422334579,a_k_e_n_n,1,4,0,2,2,212.0,212.0
1422334592,100percentafrik,1,1,0,0,1,1181.0,1181.0
1422334614,magicjuice,1,1,0,1,3,380.0,380.0
1422334678,henrigbradley,1,1,0,1,1,96.0,96.0
1422334834,less10shopsonaf,1,1,1,0,2,1084.0,1084.0
1422334850,brinsconsult,1,1,1,0,2,229.0,229.0
1422334856,natalyinak,1,1,0,0,2,1552.0,1552.0
1422335111,johnnydiegel,1,1,1,0,4,198.0,198.0
1422335321,r00nd0g,1,1,0,1,2,140.0,140.0
1422335375,tmtonky,1,3,0,2,1,435.0,435.0
1422335675,vergara_rodrigo,1,1,0,0,2,747.0,747.0
1422336100,thawesomeboston,1,16,1,1,2,2222.0,2222.0
1422336014,mumondrun,1,1,0,2,3,202.0,202.0
1422336091,btchinbartender,1,1,0,0,1,394.0,394.0
1422336431,amymhew,1,1,0,0,2,142.0,142.0
1422336490,ashleydoll_news,1,39,1,4,3,30907.0,30907.0
1422336538,imtk421,1,1,0,0,3,9.0,9.0
1422336884,lifewithoutandy,1,2,1,1,2,5150.0,5150.0
1422336927,sportsgangsta,1,1,1,0,3,772.0,772.0
1422336975,curtchow,1,1,0,2,2,135.0,135.0
1422337133,cdainn,1,1,0,0,1,451.0,451.0
1422337469,katycrabby,1,3,0,0,3,202.0,202.0
1422337692,draftdeelux1,1,1,0,0,3,187.0,187.0
1422337714,hoguecm,1,1,0,1,1,246.0,246.0
1422338003,jelo1317,1,1,1,0,6,985.0,985.0
1422338049,dandalyonsports,1,1,1,0,5,2135.0,2135.0
1422338214,mypicnicpal,1,4,0,0,3,209.0,209.0
1422338430,twistbartend1,1,1,0,0,4,62.0,62.0
1422338915,economaster_2,1,1,0,0,1,68.0,68.0
1422339145,jackflorek84,1,1,1,1,1,1683.0,1683.0
1422339271,sthefanymantov1,1,1,0,0,1,440.0,440.0
1422339596,ashleyrpettis,1,1,0,2,1,63.0,63.0
1422339799,shaneappling,1,1,1,0,1,182.0,182.0
1422339821,profootballdaly,1,1,1,0,5,2.0,2.0
1422339987,profootballdaly,1,1,1,0,6,2.0,2.0
1422340067,jhuff4,1,1,0,0,3,13.0,13.0
1422341325,alanwaite,1,1,1,0,2,125.0,125.0
1422320942,jaredcooper4,1,1,0,1,3,404.0,404.0
1422321006,700espn,1,2,0,1,3,3497.0,3497.0
1422321692,rabrian63,1,1,0,0,3,3.0,3.0
1422321822,brazilian_momma,1,1,1,3,1,68.0,68.0
1422321857,benjamindowning,1,7,0,0,3,4601.0,4601.0
1422322374,robbinsbrothers,1,1,0,1,2,1819.0,1819.0
1422323368,bmcalicchia,1,1,1,0,11,71.0,71.0
1422324188,foxy_roxy_01,1,1,0,1,2,10.0,10.0
1422324894,theobserver,1,6,1,0,3,70160.0,70160.0
1422325497,chrisdaniels5,1,61,1,0,2,22143.0,22143.0
1422325574,stinetwitt,1,1,0,2,2,298.0,298.0
1422326244,rosakam,1,1,0,0,2,405.0,405.0
1422326463,natejgreen,1,34,0,2,3,14.0,14.0
1422326674,davidkadlu,1,2,0,0,1,928.0,928.0
1422329137,finsboner,1,1,1,1,2,369.0,369.0
1422329295,kathrynmcde,1,2,0,1,4,174.0,174.0
1422329759,davidsaunders29,1,2,1,0,3,52.0,52.0
1422330690,cwazygirlwa,1,1,0,0,3,78.0,78.0
1422330879,365equality,1,9,0,0,4,5626.0,5626.0
1422331004,sil_locs,1,1,1,1,2,589.0,589.0
1422331993,chrisegan5,1,3,0,4,2,17766.0,17766.0
1422332441,tonym888,1,1,1,0,3,229.0,229.0
1422332456,bwickette,1,1,0,1,2,257.0,257.0
1422333489,charbsage,1,1,0,2,2,80.0,80.0
1422334047,700espn,1,6,1,2,3,3498.0,3498.0
1422335467,turtlewinegirl,1,1,0,3,5,1958.0,1958.0
1422335519,m1vince,1,3,0,1,2,295.0,295.0
1422336076,seattletimes,1,1,1,2,2,163543.0,163543.0
1422337113,gzahajko,1,1,0,1,3,90.0,90.0
1422337234,pachhun13,1,1,0,0,4,36.0,36.0
1422337782,alibabaaa13,1,1,0,2,5,56.0,56.0
1422338139,steelyhead,1,1,0,0,5,80.0,80.0
1422338848,stephenespinoza,1,11,0,0,2,11572.0,11572.0
1422339253,ik717,1,1,0,0,2,86.0,86.0
1422320638,christian_gin,1,1,0,0,1,1400.0,1400.0
1422320730,colonypatsfans,1,1,0,0,1,546.0,546.0
1422320772,solomontwcnews,1,1,0,0,1,948.0,948.0
1422322655,lbickford11,1,4,0,0,1,1784.0,1784.0
1422320824,matt_lapan,1,2,0,0,1,685.0,685.0
1422320843,bostonsocks,1,1,0,0,1,34.0,34.0
1422320871,tim_fontenault,1,1,0,0,1,1298.0,1298.0
1422320878,hardidude,1,1,0,0,1,323.0,323.0
1422320942,shakabrodie,1,5,0,0,3,3475.0,3475.0
1422320950,greggatlin,1,1,0,1,2,532.0,532.0
1422320952,blackbookblur,1,2,1,1,2,745.0,745.0
1422320994,daveindeed,1,1,0,0,2,46.0,46.0
1422321054,gymfan09,1,1,0,0,1,324.0,324.0
1422321084,limitbuyer,1,1,0,1,1,271.0,271.0
1422321154,chris_bodas,1,1,0,0,2,140.0,140.0
1422321163,vipstrippers,1,1,0,0,1,3247.0,3247.0
1422321190,kevdgrussing,1,2,0,0,3,3036.0,3036.0
1422321222,infamouzchuck,1,1,0,0,3,134.0,134.0
1422321237,edcafasso,1,1,0,0,1,1266.0,1266.0
1422321352,titletowntalksb,1,1,0,0,1,2961.0,2961.0
1422321448,cameron_gray,1,2,0,1,2,31399.0,31399.0
1422321448,loechnernfl,1,1,0,0,1,2837.0,2837.0
1422321513,millenalbatista,1,1,0,0,1,525.0,525.0
1422321612,hfulop,1,1,0,1,2,30.0,30.0
1422321659,orlandomazz,1,1,0,1,1,449.0,449.0
1422321683,adamsdtd,1,1,0,0,1,615.0,615.0
1422321711,sanfrancronukle,1,1,1,0,3,507.0,507.0
1422321720,djfoodanddrank,1,1,0,1,1,55.0,55.0
1422321771,conlotim,1,1,0,0,1,34.0,34.0
1422321793,talksportsmuch,1,1,0,0,3,6.0,6.0
1422321868,patsgirl86,1,7,0,0,2,1712.0,1712.0
1422321903,dan_gray_,1,2,1,0,9,15755.0,15755.0
1422321908,rightwingit,1,2,1,0,4,3782.0,3782.0
1422321953,dan_gray_,1,1,1,0,10,15755.0,15755.0
1422321987,nepatriots10,1,1,1,0,1,19559.0,19559.0
1422322012,mfunk68,1,2,0,0,2,792.0,792.0
1422322073,coreygriffinnbc,1,1,0,0,1,1765.0,1765.0
1422322076,steelersdepot,1,5,0,0,1,39731.0,39731.0
1422322104,kerfaffle,1,2,0,0,2,231.0,231.0
1422322111,oddlane,1,2,0,0,3,712.0,712.0
1422322262,gymfan09,1,1,0,0,1,324.0,324.0
1422322324,marcsesslernfl,1,4,0,0,1,29897.0,29897.0
1422322361,hraselbd,1,1,0,0,3,72.0,72.0
1422322374,hraselbd,1,1,0,0,3,72.0,72.0
1422322385,bostonfrick,1,1,0,3,1,230.0,230.0
1422322387,kylestweeter,1,1,0,2,1,29.0,29.0
1422322612,frogcooke,1,2,0,2,1,1349.0,1349.0
1422322802,csnne,1,2,1,0,1,48491.0,48491.0
1422322802,d_apats,1,1,0,1,1,293.0,293.0
1422322971,steveinthekt,1,1,0,0,1,1356.0,1356.0
1422323164,patzfan4eva,1,3,0,1,1,25.0,25.0
1422323017,letmedieinpe,1,1,0,0,1,4.0,4.0
1422323187,nflplayofflocks,1,1,0,0,2,57.0,57.0
1422323282,dannalee11,1,1,1,0,1,3.0,3.0
1422323299,jdimarzio,1,1,1,0,1,329.0,329.0
1422323523,dan_gray_,1,2,1,0,7,15755.0,15755.0
1422323716,kevinivymcleod,1,2,0,2,1,1776.0,1776.0
1422324339,fanalarm_nfl,1,1,1,0,1,5523.0,5523.0
1422324340,fa_patriots,1,1,1,0,1,510.0,510.0
1422324355,bankhead_the_dj,1,5,0,1,2,709.0,709.0
1422324489,timmaay,1,1,2,0,1,61.0,61.0
1422324820,warpug,1,1,0,0,2,142.0,142.0
1422325017,kayakscottnw,1,1,0,1,2,340.0,340.0
1422325017,pchop89,1,2,0,2,1,33.0,33.0
1422325078,sportsgangsta,1,1,1,0,5,772.0,772.0
1422325174,davidschantz,1,3,1,1,5,3475.0,3475.0
1422325638,seanbrace975,1,3,1,1,5,19990.0,19990.0
1422325335,mikelincoln_88,1,1,0,0,2,504.0,504.0
1422325562,eriklmarshall,1,1,0,0,3,262.0,262.0
1422325571,politicalsculpt,1,1,1,1,5,941.0,941.0
1422325607,connman22,1,1,2,0,3,106.0,106.0
1422325613,newday34,1,1,0,1,1,31.0,31.0
1422325621,ac360,1,45,0,1,2,519202.0,519202.0
1422325892,conrlee,1,1,0,0,8,57.0,57.0
1422326131,f14billy,1,2,0,1,3,174.0,174.0
1422326163,dan_gray_,1,2,1,0,6,15755.0,15755.0
1422326397,jeremymckeen,1,2,1,0,1,354.0,354.0
1422326752,poppybear1,1,5,0,0,5,150.0,150.0
1422326973,yenewyorkpost,1,1,0,0,8,902.0,902.0
1422327254,brittonjwalker,1,1,0,1,2,120.0,120.0
1422327278,mbeland15,1,1,1,0,1,325.0,325.0
1422327515,redsoxmonster,1,2,0,1,1,1541.0,1541.0
1422327967,xpiceman,1,1,0,1,2,55.0,55.0
1422328100,cgotrib,1,1,1,0,4,151.0,151.0
1422328328,willreevejr,1,1,0,0,2,3032.0,3032.0
1422328640,jon_stocks_it,1,1,0,3,2,115.0,115.0
1422328959,soulmuzick,1,1,1,2,4,1203.0,1203.0
1422329263,profootballdaly,1,1,1,0,4,2.0,2.0
1422329312,tombradley_hb,1,1,0,0,2,20.0,20.0
1422329388,profootballdaly,1,1,1,0,4,2.0,2.0
1422330145,melendez_89,1,5,0,0,1,702.0,702.0
1422329468,adammkaufman,1,3,0,1,2,6144.0,6144.0
1422329746,yenewyorkpost,1,1,1,0,2,902.0,902.0
1422329895,jdimarzio,1,1,1,0,1,329.0,329.0
1422330234,sebrown51,1,1,0,1,1,51.0,51.0
1422330272,sole_addict86,1,1,1,1,1,274.0,274.0
1422330382,seumae,1,5,0,2,4,390.0,390.0
1422330440,blackbookblur,1,3,0,0,1,745.0,745.0
1422330770,thawesomeboston,1,1,1,0,3,2222.0,2222.0
1422330869,youngstarbaby,1,1,0,0,1,747.0,747.0
1422331024,profootballdaly,1,1,1,0,4,2.0,2.0
1422331267,tha_lev,1,1,0,0,1,558.0,558.0
1422331343,nepatsnewsfeed,1,7,0,0,2,661.0,661.0
1422331513,bostonfatguy,1,1,1,3,2,1029.0,1029.0
1422331561,profootballdaly,1,1,1,0,6,2.0,2.0
1422331587,adammkaufman,1,15,1,1,1,6144.0,6144.0
1422331995,mattywinpats,1,2,0,0,1,1217.0,1217.0
1422332028,footstepsfaico,1,1,1,1,1,171.0,171.0
1422332319,ndarnick,1,1,0,0,3,383.0,383.0
1422332432,nstac22,1,2,0,0,1,682.0,682.0
1422332578,genius443,1,2,0,2,1,763.0,763.0
1422332693,tjohnson38,1,1,0,0,1,138.0,138.0
1422332703,devinbinkley,1,1,0,0,4,28.0,28.0
1422333987,realneilb,1,4,0,0,2,104.0,104.0
1422332972,realzachallen,1,2,0,1,2,179.0,179.0
1422333177,edgejd,1,1,0,1,4,25.0,25.0
1422333346,yenewyorkpost,1,1,1,0,2,902.0,902.0
1422333353,johnnytootall74,1,1,0,2,3,15.0,15.0
1422333465,jimcc66,1,3,0,1,3,6081.0,6081.0
1422333547,markmcclunecbs5,1,1,1,0,1,3399.0,3399.0
1422333695,kenwheaton,1,2,0,1,2,4422.0,4422.0
1422333799,mattywinpats,1,3,0,0,1,1217.0,1217.0
1422333951,gchupik,1,1,0,1,3,60.0,60.0
1422334188,rayna____,1,1,0,2,1,576.0,576.0
1422334229,notforprosser,1,1,0,0,2,739.0,739.0
1422334464,rashieddavis,1,2,0,3,1,7997.0,7997.0
1422334496,clelek05,1,1,1,1,2,233.0,233.0
1422334545,mpcjosh,1,3,0,1,2,543.0,543.0
1422334699,ronflatter,1,2,0,0,2,1097.0,1097.0
1422334780,vlogcabin,1,1,0,1,5,66.0,66.0
1422334842,seattleish,1,1,0,1,3,319.0,319.0
1422334877,dan_gray_,1,1,1,0,7,15755.0,15755.0
1422335000,howominecraft,1,1,0,0,1,25.0,25.0
1422335004,kenny_wallace,1,10,0,1,1,234213.0,234213.0
1422335016,nepatriotspride,1,3,0,1,7,209.0,209.0
1422335136,pp_rich_hill,1,5,0,0,1,2930.0,2930.0
1422335221,cory_polo,1,1,0,1,1,484.0,484.0
1422335288,420mike0615,1,1,0,1,2,152.0,152.0
1422335289,timbotim62,1,13,0,0,4,3760.0,3760.0
1422335498,rachel__nichols,1,658,0,0,1,665769.0,665769.0
1422335511,germainehart,1,1,0,1,2,129.0,129.0
1422335645,xmichaelxgx,1,1,0,0,1,77.0,77.0
1422335681,alexandriaaaa87,1,2,0,0,1,1265.0,1265.0
1422335713,dan_gray_,1,1,1,0,9,15755.0,15755.0
1422335928,angggel__21,1,1,0,1,1,453.0,453.0
1422336036,tombradyfans11,1,1,1,0,4,100.0,100.0
1422336083,sanfrancronukle,1,1,1,0,5,507.0,507.0
1422336172,franksarrgosox,1,2,0,0,1,319.0,319.0
1422336252,xavxavier14,1,3,0,0,3,24.0,24.0
1422336604,nepatriotsnews,1,1,1,0,1,350.0,350.0
1422336607,nepatriotsnews,1,1,1,0,1,350.0,350.0
1422336608,nepatriotsnews,1,1,1,0,1,350.0,350.0
1422336673,jearold,1,1,0,1,1,60.0,60.0
1422336697,lebronstimeline,1,1,0,0,1,498.0,498.0
1422336752,gdlclop,1,4,0,1,1,150.0,150.0
1422337684,bankamac,1,1,0,0,2,432.0,432.0
1422337732,newsvp,1,3,0,0,5,3772.0,3772.0
1422338050,brentmo23,1,2,0,0,1,36.0,36.0
1422338790,bankamac,1,1,0,0,2,432.0,432.0
1422339032,sharon7219,1,1,0,0,2,52.0,52.0
1422339182,scotttyyyboyyy,1,1,0,0,1,315.0,315.0
1422339354,eminemsrealmrs,1,1,0,0,9,5196.0,5196.0
1422339888,nblmusicsalerno,1,3,1,1,7,574.0,574.0
1422340272,gstefanopoulos,1,1,0,0,2,63.0,63.0
1422340918,michiganlaw2008,1,1,1,0,1,2208.0,2208.0
1422341255,jrgregory,1,1,0,0,2,9.0,9.0
1422341577,kajunprince,1,2,0,0,4,201.0,201.0
1422341717,profootballdaly,1,1,1,0,5,2.0,2.0
1422341769,1045theteam,1,1,1,0,3,1542.0,1542.0
1422330758,cougarjohn81,1,4,0,0,10,727.0,727.0
1422320661,sab12thmanlady,1,1,0,2,1,381.0,381.0
1422320698,issaquahlaw,1,3,1,2,2,72.0,72.0
1422320728,loveforblue02,1,1,0,2,1,168.0,168.0
1422320980,jellification,1,1,1,0,6,85.0,85.0
1422321231,thehngryhswives,1,1,1,0,2,397.0,397.0
1422321478,lareinah12,1,1,0,2,1,21.0,21.0
1422321696,erik0580,1,1,0,5,1,48.0,48.0
1422321712,jeffswife2010,1,1,0,1,2,37.0,37.0
1422321872,therealsdavis,1,2,0,3,2,73.0,73.0
1422321930,angiemaskeberka,1,1,1,0,2,2245.0,2245.0
1422322599,seahawksyvr,1,2,0,1,2,2275.0,2275.0
1422322981,bigbb27,1,1,0,0,3,727.0,727.0
1422323264,supsonics,1,1,0,2,2,1147.0,1147.0
1422324054,iamdaryllmc,1,1,0,2,2,41.0,41.0
1422324225,kathrynedstrom,1,1,1,0,4,12.0,12.0
1422324786,marikohopkins,1,1,1,0,5,318.0,318.0
1422325040,scenesfromseatt,1,1,1,0,5,1670.0,1670.0
1422325363,mackher,1,1,1,0,1,35.0,35.0
1422325687,ctate47,1,1,1,0,3,47.0,47.0
1422325777,skoolboy32,1,2,0,2,2,503.0,503.0
1422326408,mendez6t9,1,2,0,1,1,151.0,151.0
1422326423,dvisone,1,1,0,1,3,1618.0,1618.0
1422326758,another12insea,1,1,0,1,3,0.0,0.0
1422327545,sarquilla_verna,1,1,0,0,1,1.0,1.0
1422327722,thewebsfastest,1,1,1,0,1,105.0,105.0
1422327859,hotcarl3129,1,1,0,0,1,1057.0,1057.0
1422328111,tooshiebookdiva,1,1,0,1,1,1253.0,1253.0
1422329057,trophyhusbandlv,1,2,1,0,1,670.0,670.0
1422328597,ogsolecollector,1,1,0,2,1,43.0,43.0
1422328703,zonahawk,1,1,0,0,3,193.0,193.0
1422328737,krw98052_ken,1,1,0,1,1,0.0,0.0
1422329118,m3tsouky,1,1,0,1,1,302.0,302.0
1422329221,vu_wolf,1,1,0,5,4,332.0,332.0
1422329274,azkristimcp,1,1,0,3,3,896.0,896.0
1422329377,ben_luther13,1,1,0,1,3,24.0,24.0
1422329430,courtneyreed3,1,2,0,1,1,134.0,134.0
1422329499,48fan6pack,1,2,0,1,1,123.0,123.0
1422329617,thatchermpls,1,1,1,0,1,64.0,64.0
1422329909,angie_seattle,1,2,0,2,1,3876.0,3876.0
1422329958,iamproduktive,1,1,0,0,1,631.0,631.0
1422330445,raydelorenzo,1,1,0,3,1,37.0,37.0
1422330580,angiemaskeberka,1,1,0,0,1,2245.0,2245.0
1422330797,ekb27g,1,1,0,0,1,396.0,396.0
1422330855,missymissy73,1,2,0,1,2,305.0,305.0
1422331308,angiemaskeberka,1,1,1,0,1,2245.0,2245.0
1422331341,shadouwolf,1,1,0,0,3,98.0,98.0
1422331390,ashleykron,1,1,0,1,1,80.0,80.0
1422331479,fonzilla24,1,1,0,2,2,175.0,175.0
1422331663,fancyjenjen,1,2,0,1,1,1056.0,1056.0
1422331529,bendbutdntbreak,1,1,0,1,1,19.0,19.0
1422331547,michael_krajny,1,1,0,0,2,358.0,358.0
1422331609,1wrcoach,1,1,0,1,1,406.0,406.0
1422331739,benkelleran,1,1,0,0,1,140.0,140.0
1422331835,tdinh369,1,1,1,0,5,16.0,16.0
1422331962,spokanehawks,1,1,0,1,1,426.0,426.0
1422331991,twinbrick,1,1,0,0,2,1046.0,1046.0
1422332356,sequoyaturner,1,1,0,1,1,796.0,796.0
1422332628,jarettschatz,1,1,0,1,1,35.0,35.0
1422332702,mcphreek,1,1,1,1,1,79.0,79.0
1422332808,lolosulli,1,1,0,2,1,387.0,387.0
1422332895,do2gz,1,1,0,0,1,37.0,37.0
1422333021,cotontail2,1,2,0,2,1,458.0,458.0
1422333027,maryjdao,1,1,0,1,3,10.0,10.0
1422333035,enicnil,1,1,0,1,1,11.0,11.0
1422333077,iowapepband,1,13,0,1,1,204.0,204.0
1422333111,aaronhuff17,1,3,0,1,1,823.0,823.0
1422333134,chelsieshack,1,1,0,1,3,61.0,61.0
1422333154,206securitycmt,1,1,0,1,3,262.0,262.0
1422333436,chllnw_,1,1,0,1,2,161.0,161.0
1422333471,wyattpratt35,1,1,0,1,1,70.0,70.0
1422333543,dvisone,1,1,0,1,1,1618.0,1618.0
1422333634,roadseahawksfan,1,3,0,2,1,40.0,40.0
1422333686,mcphreek,1,1,1,1,1,79.0,79.0
1422333786,catchthatmoose,1,1,1,0,2,109.0,109.0
1422333786,poboxx,1,1,1,0,1,171.0,171.0
1422333789,tenmanbrass,1,1,1,0,3,41.0,41.0
1422333857,kizzyleek,1,1,1,0,7,0.0,0.0
1422333989,crysie_chick,1,1,0,1,3,71.0,71.0
1422334084,kjohnston82,1,1,0,1,1,12.0,12.0
1422334103,twiiitttr,1,1,0,1,5,353.0,353.0
1422334155,littlefoothiker,1,1,0,2,2,62.0,62.0
1422334358,broundy,1,1,1,0,1,1201.0,1201.0
1422334464,ccs_chick03,1,2,0,1,1,8.0,8.0
1422334622,sunny_seattle,1,1,0,4,1,456.0,456.0
1422335088,adsoniii,1,1,0,1,2,738.0,738.0
1422335206,bentlikeaben,1,2,0,1,2,96.0,96.0
1422335293,adrienlo,1,1,0,0,1,177.0,177.0
1422335315,katiedavis_yl,1,1,1,1,3,561.0,561.0
1422335369,kyle253_,1,1,0,0,1,973.0,973.0
1422335470,ty_vanhorn,1,1,0,0,3,76.0,76.0
1422335477,melrose,1,1,1,0,2,189.0,189.0
1422335512,erinjamesnw,1,1,0,0,1,1906.0,1906.0
1422335823,deewa2008,1,1,0,1,1,189.0,189.0
1422335857,newbs_44,1,1,0,1,1,69.0,69.0
1422336094,travisty360,1,1,1,0,1,299.0,299.0
1422336121,realgregg,1,2,0,1,3,1908.0,1908.0
1422336234,hbtd_dawgnation,1,2,0,1,3,573.0,573.0
1422336306,hockeymom_24,1,1,0,2,1,36.0,36.0
1422336712,rubenreyramirez,1,2,1,0,2,138.0,138.0
1422336917,grothkopp,1,1,0,2,1,331.0,331.0
1422337098,imstacymay,1,3,0,0,1,69.0,69.0
1422337273,jillneumeister,1,1,0,0,1,85.0,85.0
1422337683,rheadhunter,1,1,0,3,1,6745.0,6745.0
1422337905,toddwatts,1,1,0,0,3,1065.0,1065.0
1422338192,scenesfromseatt,1,1,1,0,6,1667.0,1667.0
1422338207,heidiheim,1,1,0,2,2,31.0,31.0
1422338208,rahulsood,1,6,1,2,1,39259.0,39259.0
1422338367,kylietyler_,1,1,0,1,1,219.0,219.0
1422338539,clarissa6cs,1,2,0,4,0,608.0,608.0
1422338647,curtzo604,1,2,0,1,2,525.0,525.0
1422339120,verus_animus,1,2,1,1,2,263.0,263.0
1422338939,micdelay,1,1,1,0,1,208.0,208.0
1422339021,luciacaliente,1,2,0,0,6,64.0,64.0
1422339211,otterwidetail,1,1,0,2,1,318.0,318.0
1422339215,davidescobar_3,1,3,1,2,1,310.0,310.0
1422339530,davidescobar_3,1,1,1,2,1,310.0,310.0
1422339548,davidescobar_3,1,1,1,2,1,310.0,310.0
1422339569,noheezie,1,1,1,2,2,625.0,625.0
1422339589,davidescobar_3,1,1,1,2,1,310.0,310.0
1422339593,mandal_bo,1,4,0,1,2,27.0,27.0
1422339761,davidescobar_3,1,1,1,2,1,310.0,310.0
1422340063,vallejo_drew,1,1,1,2,3,26.0,26.0
1422340231,davidescobar_3,1,1,1,2,1,310.0,310.0
1422340524,davidescobar_3,1,1,1,2,1,310.0,310.0
1422340554,cj_bautista97,1,1,0,0,1,137.0,137.0
1422340871,mrkenyattabanks,1,2,0,0,4,1484.0,1484.0
1422341517,daleallyson,1,1,0,1,1,43.0,43.0
1422341643,leonidasperez09,1,3,0,0,1,211.0,211.0
1422341978,tinitiaj,1,1,0,1,2,904.0,904.0
1422325148,cournteyo,1,1,0,3,1,291.0,291.0
1422334141,gabrielaotz,1,1,0,0,1,153.0,153.0
